10 0.00014591217041015625 
10 0.00023293495178222656 
10 0.0002281665802001953 
12 0.0002460479736328125 
12 0.00024199485778808594 
12 0.0002810955047607422 
13 0.00032019615173339844 
13 0.0003337860107421875 
13 0.00040912628173828125 
14 0.0003020763397216797 
14 0.00033283233642578125 
14 0.0002810955047607422 
15 0.00039386749267578125 
15 0.0003802776336669922 
15 0.00041604042053222656 
20 0.0008401870727539062 
20 0.0007419586181640625 
20 0.0007288455963134766 
50 0.004205226898193359 
50 0.004144906997680664 
50 0.003957033157348633 
100 0.016666889190673828 
100 0.0175631046295166 
100 0.016294002532958984 
500 0.38816404342651367 
500 0.39997315406799316 
500 0.4035460948944092 
1000 1.6140978336334229 
1000 1.581084966659546 
1000 1.5735111236572266 
2000 6.35129189491272 
2000 6.4494311809539795 
2000 6.3737359046936035 
3000 15.331564903259277 
3000 15.007779121398926 
3000 14.128089189529419 
3000 14.151062965393066 
5000 41.77342510223389 
5000 40.309385776519775 
5000 40.9227819442749 
8000 108.87121105194092 
8000 107.56565022468567 
8000 110.13150477409363 
10000 170.51200413703918 
10000 167.25719499588013 
10000 160.53771805763245 
15000 368.0399489402771 
15000 392.0091338157654 
15000 380.7247757911682 
20000 677.1395370960236 
20000 673.6581189632416 
