10 0.0004780292510986328 
10 0.0009400844573974609 
10 0.0033600330352783203 
12 0.00222015380859375 
12 0.001402139663696289 
12 0.0010228157043457031 
13 0.001608133316040039 
13 0.0010943412780761719 
13 0.003248929977416992 
14 0.0014977455139160156 
14 0.002290010452270508 
14 0.0026750564575195312 
15 0.0015499591827392578 
15 0.001322031021118164 
15 0.0017240047454833984 
20 0.002485036849975586 
20 0.0025787353515625 
20 0.0025751590728759766 
50 0.014111995697021484 
50 0.016384124755859375 
50 0.014588117599487305 
100 0.058259010314941406 
100 0.059262990951538086 
100 0.05811285972595215 
500 1.3257770538330078 
500 1.3154067993164062 
500 1.3520221710205078 
1000 5.497553110122681 
1000 5.837021827697754 
1000 6.084005832672119 
2000 24.393725156784058 
2000 26.742965936660767 
2000 25.14159607887268 
3000 56.54332113265991 
3000 53.656535625457764 
3000 53.53009581565857 
3000 53.952093839645386 
5000 165.5602469444275
5000 170.97400069236755 
5000 156.468816280365 
8000 434.08050298690796 
8000 440.33457016944885
8000 436.3176701068878
10000 634.8655700683594 
