10 0.00011110305786132812 
10 0.0001919269561767578 
10 0.0001761913299560547 
12 0.00020933151245117188 
12 0.0002167224884033203 
12 0.0002589225769042969 
13 0.0002701282501220703 
13 0.000270843505859375 
13 0.0002777576446533203 
14 0.0002532005310058594 
14 0.0002980232238769531 
14 0.0002880096435546875 
15 0.0003421306610107422 
15 0.0003528594970703125 
15 0.0004711151123046875 
20 0.0006320476531982422 
20 0.0005671977996826172 
20 0.0007719993591308594 
50 0.003657817840576172 
50 0.0038068294525146484 
50 0.005641937255859375 
100 0.0161898136138916 
100 0.01907515525817871 
100 0.015504121780395508 
500 0.3851966857910156 
500 0.3887310028076172 
500 0.3886129856109619 
1000 1.5874228477478027 
1000 1.633979082107544 
1000 1.5928869247436523 
2000 6.551290988922119 
2000 6.468332052230835 
2000 6.179558038711548 
3000 14.710391998291016 
3000 14.130110025405884 
3000 13.811594009399414 
3000 13.819877862930298 
5000 39.7078161239624 
5000 39.67449975013733 
5000 39.190240144729614 
8000 101.0551450252533 
8000 101.07048916816711 
8000 100.3306872844696 
10000 158.13612270355225 
10000 156.52144622802734 
10000 157.18170595169067 
15000 356.3339400291443 
15000 357.40030574798584 
15000 354.24171900749207 
