10 2.2172927856445312e-05 
10 1.52587890625e-05 
10 1.71661376953125e-05 
12 2.002716064453125e-05 
12 1.8358230590820312e-05 
12 2.193450927734375e-05 
13 1.621246337890625e-05 
13 2.193450927734375e-05 
13 2.002716064453125e-05 
14 2.3126602172851562e-05 
14 2.09808349609375e-05 
14 2.09808349609375e-05 
15 2.4080276489257812e-05 
15 3.1948089599609375e-05 
15 5.7697296142578125e-05 
20 3.0994415283203125e-05 
20 3.218650817871094e-05 
20 2.8133392333984375e-05 
50 7.43865966796875e-05 
50 7.796287536621094e-05 
50 8.797645568847656e-05 
100 0.0001571178436279297 
100 0.00022077560424804688 
100 0.0001690387725830078 
500 0.0008630752563476562 
500 0.0007870197296142578 
500 0.0007798671722412109 
1000 0.001795053482055664 
1000 0.0017430782318115234 
1000 0.001958131790161133 
2000 0.003743886947631836 
2000 0.0037450790405273438 
2000 0.0033910274505615234 
3000 0.005745887756347656 
3000 0.006136655807495117 
3000 0.005445003509521484 
3000 0.00528717041015625 
5000 0.009920120239257812 
5000 0.009829044342041016 
5000 0.011548995971679688 
8000 0.01592230796813965 
8000 0.017534971237182617 
8000 0.016913890838623047 
10000 0.02094411849975586 
