10 0.000244140625 
10 0.0004200935363769531 
10 0.0004620552062988281 
12 0.0005457401275634766 
12 0.00042700767517089844 
12 0.0005419254302978516 
13 0.0006108283996582031 
13 0.0005958080291748047 
13 0.0007081031799316406 
14 0.0004761219024658203 
14 0.0006010532379150391 
14 0.0008499622344970703 
15 0.0006725788116455078 
15 0.0006079673767089844 
15 0.0009059906005859375 
20 0.0009238719940185547 
20 0.0008499622344970703 
20 0.001024007797241211 
50 0.0053560733795166016 
50 0.006165027618408203 
50 0.006016969680786133 
100 0.023997068405151367 
100 0.024799108505249023 
100 0.025171995162963867 
500 0.5523803234100342 
500 0.5625998973846436 
500 0.5664491653442383 
1000 2.2500529289245605 
1000 2.3521080017089844 
1000 2.3057820796966553 
2000 9.096752882003784 
2000 9.651721239089966 
2000 8.789180040359497 
3000 20.67687225341797 
3000 21.737791061401367 
3000 21.368173122406006 
3000 21.620465993881226 
5000 57.69740176200867 
5000 58.40325403213501 
5000 58.14307498931885
8000 142.63846588134766 
8000 142.23675107955933 
8000 141.89534997940063 
10000 222.1060447692871 
10000 223.03139305114746 
10000 222.4427468776703 
15000 502.1021749973297
15000 505.8044011592865 
15000 501.034157037735 
